O 0.0000 0.0000
0 28 0
1 28 0
2 28 0
4 28 0
5 28 0
3 28 0
6 28 0
7 28 0
9 28 0
10 28 0
11 28 0
8 28 0
12 28 0
13 28 0
14 28 0
15 28 0
16 28 0
17 28 0
18 28 0
19 28 0
20 28 0
21 28 0
22 28 0
23 28 0
24 28 0
25 28 0
26 28 0
27 28 0
28 28 0
29 28 0
30 28 0
31 28 0
32 28 0
33 28 0
34 28 0
35 28 0
36 28 0
37 28 0
38 28 0
39 28 0
40 28 0
41 28 0
42 28 0
43 28 0
44 28 0
45 28 0
46 28 0
47 28 0
48 28 0
49 28 0
50 28 0
51 28 0
52 28 0
53 28 0
54 28 0
55 28 0
56 28 0
57 28 0
59 28 0
60 28 0
61 28 0
62 28 0
63 28 0
64 28 0
65 28 0
66 28 0
67 28 0
68 28 0
69 28 0
70 28 0
71 28 0
72 28 0
58 28 0
73 28 0
74 28 0
74 27 0
74 26 0
74 25 0
74 24 0
74 23 0
75 23 0
76 23 0
77 23 0
78 23 0
79 23 0
80 23 0
80 24 0
80 25 0
80 26 0
80 27 0
80 28 0
81 28 0
82 28 0
83 28 0
84 28 0
85 28 0
86 28 0
87 28 0
88 28 0
88 29 0
88 30 0
88 31 0
88 32 0
89 32 0
90 32 0
91 32 0
92 32 0
93 32 0
94 32 0
95 32 0
96 32 0
97 32 0
98 32 0
99 32 0
100 32 0
101 32 0
102 32 0
103 32 0
104 32 0
105 32 0
106 32 0
107 32 0
108 32 0
109 32 0
110 32 0
111 32 0
112 32 0
113 32 0
114 32 0
115 32 0
116 32 0
117 32 0
118 32 0
119 32 0
120 32 0
121 32 0
122 32 0
123 32 0
124 32 0
125 32 0
126 32 0
127 32 0
128 32 0
129 32 0
130 32 0
131 32 0
132 32 0
133 32 0
134 32 0
135 32 0
137 32 0
139 32 0
140 32 0
136 32 0
138 32 0
141 32 0
142 32 0
143 32 0
144 32 0
145 32 0
146 32 0
147 32 0
148 32 0
149 32 0
150 32 0
151 32 0
152 32 0
153 32 0
154 32 0
155 32 0
156 32 0
157 32 0
158 32 0
159 32 0
160 32 0
161 32 0
162 32 0
163 32 0
164 32 0
165 32 0
167 32 0
168 32 0
169 32 0
170 32 0
171 32 0
172 32 0
173 32 0
174 32 0
175 32 0
176 32 0
177 32 0
178 32 0
179 32 0
166 32 0
180 32 0
181 32 0
182 32 0
183 32 0
184 32 0
185 32 0
186 32 0
187 32 0
188 32 0
189 32 0
190 32 0
191 32 0
192 32 0
193 32 0
194 32 0
195 32 0
196 32 0
197 32 0
198 32 0
199 32 0
200 32 0
201 32 0
202 32 0
203 32 0
204 32 0
205 32 0
206 32 0
207 32 0
208 32 0
209 32 0
210 32 0
211 32 0
212 32 0
213 32 0
214 32 0
215 32 0
216 32 0
217 32 0
218 32 0
219 32 0
220 32 0
221 32 0
222 32 0
223 32 0
224 32 0
225 32 0
226 32 0
227 32 0
228 32 0
229 32 0
230 32 0
231 32 0
232 32 0
233 32 0
234 32 0
235 32 0
236 32 0
237 32 0
238 32 0
239 32 0
114 27 1
115 27 1
116 27 1
117 27 1
118 27 1
119 27 1
120 27 1
121 27 1
122 27 1
148 27 1
149 27 1
150 27 1
151 27 1
152 27 1
153 27 1
154 27 1
155 27 1
156 27 1
181 23 0
182 23 2
183 23 2
184 23 2
185 23 2
186 23 2
187 23 2
188 23 2
189 23 2
190 23 2
191 23 2
192 23 2
193 23 2
194 23 2
195 23 2
196 23 2
197 23 2
198 23 0
240 32 3
241 31 3
242 30 3
245 29 0
246 29 0
247 29 0
248 29 0
249 29 0
250 29 0
243 29 3
244 29 1
250 30 0
250 32 0
250 31 0
251 32 0
252 32 0
253 32 0
255 32 0
254 32 0
256 32 0
257 32 0
257 31 0
257 30 0
257 29 0
263 29 0
263 30 0
263 31 0
263 32 0
264 32 0
265 32 0
266 32 0
267 32 0
268 32 0
269 32 0
270 32 0
270 31 0
270 30 0
270 29 0
270 28 0
286 32 0
287 32 0
288 32 0
289 32 0
290 32 0
291 32 0
270 27 0
271 27 0
272 27 0
273 27 0
274 27 0
257 28 0
258 28 0
259 28 0
260 28 0
261 28 0
262 28 0
263 28 0
275 27 0
276 27 0
276 26 0
276 25 0
276 24 0
276 23 0
276 22 0
277 22 0
278 22 0
279 22 0
280 22 0
281 22 0
282 22 0
283 22 0
284 22 0
285 22 0
285 23 0
285 24 0
285 25 0
285 26 0
285 27 0
285 28 0
285 29 0
285 30 0
285 31 0
285 32 0
292 32 0
293 32 0
294 32 0
295 32 0
296 32 0
297 32 0
298 32 0
299 32 0
300 32 0
301 32 0
302 32 0
303 32 0
304 32 0
305 32 0
306 32 0
307 32 0
308 32 0
310 32 0
311 32 0
312 32 0
313 32 0
314 32 0
315 32 0
316 32 0
317 32 0
309 32 0
318 32 0
319 32 0
320 32 0
321 32 0
322 32 0
323 32 0
325 32 0
327 32 0
328 32 0
329 32 0
330 32 0
331 32 0
332 32 0
333 32 0
326 32 0
324 32 0
334 32 0
335 32 0
336 32 0
337 32 0
339 32 0
340 32 0
341 32 0
342 32 0
343 32 0
344 32 0
345 32 0
346 32 0
347 32 0
348 32 0
338 32 0
349 32 0
350 32 0
351 32 0
352 32 0
353 32 0
354 32 0
355 32 0
357 32 0
358 32 0
356 32 0
359 32 0
360 32 0
361 32 0
362 32 0
363 32 0
364 32 0
365 32 0
366 32 0
367 32 0
368 32 3
369 31 3
370 30 3
371 29 3
372 28 3
374 28 0
375 28 0
376 28 0
377 28 0
378 28 0
379 28 0
380 28 0
381 28 0
382 28 0
383 28 0
384 28 0
385 28 0
386 28 0
387 28 0
388 28 0
389 28 0
390 28 0
373 28 1
391 28 0
392 28 0
392 29 0
392 30 0
392 31 0
392 32 0
393 32 0
394 32 0
395 32 0
396 32 0
397 32 0
398 32 0
399 32 0
400 32 0
401 32 0
402 32 0
403 32 0
404 32 0
405 32 0
406 32 0
407 32 0
408 32 0
409 32 0
410 32 0
411 32 0
412 32 0
413 32 0
414 32 0
415 32 0
416 32 0
417 32 0
418 32 0
419 32 0
420 32 0
421 32 0
423 32 0
425 32 0
426 32 0
427 32 0
428 32 0
429 32 0
430 32 0
431 32 0
432 32 0
433 32 0
434 32 0
424 32 0
422 32 0
435 32 0
436 32 0
437 32 0
438 32 0
439 32 0
440 32 0
441 32 0
442 32 0
443 32 0
444 32 0
445 32 0
452 27 3
451 28 3
450 29 3
449 30 3
448 31 3
447 32 3
446 32 0
454 27 0
455 27 0
456 27 0
457 27 0
458 27 0
453 27 1
459 27 3
460 26 3
461 25 3
462 24 3
463 23 3
464 23 1
465 23 0
466 23 0
467 23 0
468 23 0
469 23 0
470 22 3
471 21 3
472 20 3
473 19 3
474 19 1
475 19 0
476 19 0
477 19 0
478 19 0
479 19 0
480 19 0
481 19 3
482 18 3
483 17 3
484 16 3
485 15 3
486 14 3
488 14 0
489 14 0
491 14 0
492 14 0
493 14 0
494 14 0
495 14 0
487 14 1
490 14 0
496 14 0
497 14 0
498 14 0
499 14 0
500 14 0
501 14 0
502 14 0
503 14 0
504 14 0
505 14 0
506 14 0
507 14 0
508 14 0
509 14 0
510 14 0
511 14 0
512 14 0
513 14 0
514 14 0
515 14 0
516 14 0
517 14 0
518 14 0
519 14 0
520 14 0
521 14 0
522 14 0
523 14 0
524 14 0
525 14 0
526 14 0
527 14 0
528 14 0
529 14 0
530 14 0
531 14 0
532 14 0
533 14 0
534 14 0
535 14 0
536 14 0
537 14 0
538 14 0
539 14 0
540 14 0
541 14 0
542 14 0
543 14 0
544 14 0
545 14 0
546 14 0
547 14 0
548 14 0
549 14 0
550 14 0
